45.60
26.00
17.80
21.20
12.00
34.80
29.00
54.20
49.20
20.00
20.20
35.40
26.00
26.20
30.00
32.20
42.40
38.00
28.00
53.20
49.80
49.80
32.20
17.40
22.00
54.00
54.20
37.00
36.80
46.40
43.00
41.80
29.40
32.80
20.80
20.40
23.20
23.40
46.20
27.60
40.20
19.00
45.40
29.00
26.00
50.00
33.60
21.00
46.40
41.00
42.20
34.20
17.60
46.80
46.80
44.80
55.00
15.20
49.80
40.60
20.00
38.40
25.00
19.00
20.00
18.60
22.60
27.60
28.20
34.40
31.20
40.80
21.40
27.60
42.00
28.60
30.80
40.40
38.60
47.00
45.40
49.40
48.00
38.40
41.00
20.20
50.60
46.20
39.60
32.60
17.80
26.80
27.40
34.40
17.80
27.20
38.60
44.60
40.60
55.60
49.40
21.00
21.40
28.60
26.40
23.00
12.60
49.80
38.40
45.60
47.40
25.00
52.20
22.20
18.60
22.60
30.20
29.40
55.20
16.60
34.40
21.20
50.00
56.20
58.60
21.40
11.40
39.00
50.20
44.20
20.20
16.40
14.80
22.20
23.80
29.00
24.20
58.60
36.60
42.20
30.40
27.80
29.40
36.00
19.40
35.60
19.60
50.40
33.80
35.60
52.00
37.00
34.80
27.00
28.20
35.40
17.20
22.40
18.20
48.80
24.80
15.20
17.40
35.40
25.40
30.80
23.80
35.80
11.00
18.20
20.60
47.60
35.00
30.60
30.20
33.60
19.80
21.40
47.20
30.80
29.80
33.00
19.00
49.80
42.60
55.40
20.20
15.20
21.60
37.00
26.20
28.00
54.60
30.60
12.40
35.80
22.00
57.60
26.60
52.00
38.80
38.60
29.20
55.40
46.00
36.60
17.20
36.40
18.40
47.20
36.20
35.80
13.20
49.00
42.60
42.60
49.80
11.00
14.40
21.40
46.40
43.60
54.20
53.00
41.20
48.40
36.20
23.60
35.40
21.00
14.00
36.20
51.20
42.20
55.60
56.00
43.80
37.20
37.00
24.60
26.60
50.00
13.40
15.20
39.80
30.20
30.00
54.00
31.00
21.60
23.00
18.40
44.80
31.00
35.60
11.60
39.60
48.80
30.80
56.40
31.00
43.20
40.00
44.60
48.60
24.40
18.80
13.40
36.20
39.60
28.00
35.00
29.80
33.00
20.60
48.80
49.60
35.40
34.40
12.40
43.20
30.20
24.00
26.00
31.00
30.60
16.60
49.00
40.00
24.80
31.20
30.00
15.40
37.00
48.60
36.20
34.60
33.20
14.80
21.20
38.80
25.00
25.40
16.00
14.40
17.80
23.00
29.40
42.60
30.00
29.80
18.60
25.40
24.20
36.20
50.20
21.80
39.00
22.40
43.20
44.40
33.40
35.00
41.80
29.20
23.80
26.00
21.20
11.80
20.80
23.60
28.60
27.80
26.40
15.80
12.40
48.00
41.80
55.60
52.00
29.60
17.40
40.60
45.00
46.20
31.20
30.60
