190.00
206.00
223.00
211.00
220.00
195.00
204.00
234.00
221.00
215.00
211.00
195.00
207.00
206.00
199.00
200.00
195.00
195.00
205.00
233.00
223.00
224.00
200.00
212.00
212.00
234.00
233.00
196.00
197.00
190.00
192.00
191.00
199.00
199.00
210.00
213.00
205.00
206.00
230.00
200.00
195.00
215.00
193.00
205.00
207.00
224.00
200.00
212.00
190.00
190.00
192.00
199.00
223.00
191.00
191.00
225.00
227.00
221.00
224.00
194.00
211.00
195.00
205.00
221.00
214.00
214.00
211.00
206.00
205.00
198.00
200.00
196.00
213.00
208.00
196.00
200.00
200.00
194.00
195.00
189.00
226.00
221.00
221.00
196.00
193.00
212.00
231.00
229.00
196.00
201.00
212.00
208.00
206.00
201.00
223.00
222.00
195.00
192.00
190.00
228.00
221.00
213.00
212.00
206.00
207.00
204.00
220.00
223.00
196.00
191.00
189.00
204.00
222.00
214.00
210.00
214.00
207.00
204.00
227.00
220.00
201.00
212.00
187.00
233.00
228.00
215.00
219.00
195.00
188.00
219.00
222.00
221.00
220.00
214.00
205.00
206.00
205.00
228.00
195.00
193.00
207.00
206.00
206.00
198.00
220.00
199.00
212.00
187.00
199.00
201.00
221.00
195.00
195.00
206.00
206.00
201.00
222.00
211.00
214.00
191.00
203.00
219.00
219.00
199.00
212.00
202.00
204.00
201.00
219.00
207.00
213.00
191.00
201.00
199.00
200.00
202.00
212.00
213.00
189.00
201.00
198.00
199.00
213.00
187.00
190.00
232.00
223.00
222.00
212.00
194.00
204.00
207.00
228.00
201.00
220.00
193.00
211.00
226.00
224.00
222.00
196.00
197.00
205.00
227.00
231.00
198.00
223.00
196.00
212.00
189.00
198.00
198.00
221.00
190.00
190.00
189.00
220.00
219.00
220.00
216.00
187.00
224.00
233.00
223.00
196.00
191.00
195.00
206.00
201.00
221.00
220.00
194.00
187.00
190.00
226.00
227.00
192.00
193.00
195.00
205.00
204.00
225.00
219.00
220.00
196.00
207.00
203.00
235.00
198.00
211.00
213.00
212.00
209.00
197.00
200.00
220.00
196.00
191.00
202.00
233.00
200.00
196.00
194.00
188.00
188.00
203.00
222.00
221.00
195.00
196.00
206.00
200.00
198.00
200.00
214.00
191.00
190.00
201.00
199.00
220.00
192.00
206.00
207.00
207.00
199.00
198.00
222.00
191.00
196.00
206.00
194.00
201.00
220.00
194.00
191.00
201.00
199.00
199.00
210.00
212.00
195.00
203.00
205.00
222.00
219.00
212.00
212.00
206.00
215.00
200.00
198.00
210.00
206.00
206.00
201.00
220.00
219.00
194.00
213.00
227.00
188.00
202.00
200.00
195.00
203.00
206.00
204.00
220.00
219.00
211.00
212.00
205.00
206.00
205.00
221.00
220.00
189.00
189.00
234.00
221.00
201.00
223.00
194.00
225.00
188.00
198.00
201.00
